30.39 10.76 88.63 78.28 59.89 7.24 4.64 33.85 79.54 38.61 17.14 24.98 40.74 43.71 44.34 67.08 49.69 11.71 56.54 97.40 8.68 40.68 32.73 17.72 13.85 94.83 48.61 37.38 64.03 9.89 40.36 13.44 79.82 55.49 38.96 14.40 92.19 40.03 56.24 8.32 86.97 62.78 99.14 66.20 38.16 77.09 24.65 52.25 46.47 76.17 68.87 82.86 80.40 70.96 8.68 59.49 37.27 3.46 32.27 37.75 8.23 15.78 10.02 41.01 42.62 42.02 68.45 67.56 48.76 90.33 30.30 54.59 48.20 18.16 45.72 12.53 50.48 54.42 3.40 29.11 75.23 5.79 55.01 72.32 87.30 85.61 98.75 90.25 25.94 72.37 11.40 11.50 17.65 57.88 85.58 75.64 62.11 95.64 62.02 77.75 81.73
25.16 97.00 1.50 44.01 82.69 82.47 54.03 37.38 90.75 91.51 71.96 11.66 79.44 21.97 1.51 66.75 96.51 95.12 20.74 22.17 49.66 69.98 25.41 38.87 13.81 90.84 69.39 98.90 11.93 42.83 23.84 88.36 69.18 27.26 64.22 2.33 23.13 2.87 12.47 62.08 7.90 62.37 6.13 81.06 91.48 71.55 81.06 40.66 92.30 0.54 91.36 85.67 93.12 79.34 57.88 10.79 90.85 21.61 71.64 64.80 76.77 53.25 90.28 32.01 69.10 25.35 61.22 11.13 1.54 7.20 67.31 34.84 25.54 65.13 21.34 60.53 99.24 14.04 10.81 92.71 96.60 27.05 78.11 10.09 42.22 92.86 9.71 8.49 21.07 92.22 23.44 68.71 21.16 61.19 83.80 56.66 81.93 92.31 86.57 32.09 56.02
94.53 87.04 68.71 71.42 29.35 98.24 8.00 56.49 43.60 62.39 51.48 10.75 68.67 5.37 52.52 76.86 33.53 57.53 55.90 35.74 84.30 13.91 77.60 49.11 73.09 77.16 22.52 71.54 48.43 30.51 57.32 27.66 76.88 97.27 96.13 53.91 28.71 94.70 50.58 15.14 36.76 13.41 77.08 14.79 70.57 65.93 97.49 68.13 20.92 5.34 93.52 8.41 77.73 52.47 35.51 73.07 38.06 43.41 35.85 8.08 94.24 27.99 68.38 53.95 13.76 24.44 10.81 12.29 3.01 17.72 20.87 76.60 57.64 22.78 94.28 25.84 95.58 6.63 38.08 71.18 1.92 60.46 25.78 51.04 60.76 85.79 92.50 58.26 54.61 68.00 11.76 88.73 26.80 97.89 38.54 16.91 79.84 84.95 99.88 89.37 20.55
11.69 80.38 54.30 79.30 83.49 68.04 81.22 3.42 2.53 33.47 67.73 88.55 27.25 86.39 89.95 86.32 16.16 56.23 73.56 15.97 75.37 67.30 21.14 42.61 69.11 77.70 49.64 16.67 29.47 49.54 96.04 6.57 77.66 75.18 16.75 17.18 2.46 51.31 76.84 66.79 73.97 98.57 59.37 15.10 17.89 40.07 42.06 42.76 51.76 64.77 18.47 99.45 78.58 28.51 22.72 66.25 51.46 90.31 46.78 14.90 96.00 1.72 21.49 55.42 85.76 16.60 2.08 24.91 23.56 79.55 83.45 12.64 43.64 86.00 5.33 78.04 56.69 79.70 62.71 71.45 7.84 26.43 74.44 90.13 6.90 80.46 28.19 46.09 98.90 13.16 90.62 90.51 1.49 14.07 73.41 12.34 6.75 51.48 31.85 86.03 98.83
18.71 24.14 20.86 78.20 98.82 7.98 51.52 4.69 21.06 21.28 81.18 45.85 86.27 35.22 94.42 17.61 94.61 12.46 67.67 17.42 38.25 7.76 19.74 64.94 67.75 26.15 43.35 73.09 48.90 6.65 86.71 41.31 3.40 30.88 32.08 68.67 39.38 77.66 7.22 44.29 38.15 89.19 30.74 65.63 73.46 98.39 13.20 31.28 41.65 88.52 20.91 27.14 40.44 11.75 16.96 14.49 91.18 63.09 85.26 41.54 90.60 87.03 52.36 30.56 54.08 82.15 51.61 16.05 44.44 70.52 48.70 88.15 79.21 28.53 42.00 43.21 14.87 0.44 16.23 92.74 49.59 18.51 92.42 11.50 36.42 29.78 90.38 12.99 49.04 64.69 83.58 88.96 6.47 89.00 27.92 21.26 96.17 11.18 16.63 48.44 7.98
36.12 4.38 5.48 9.43 93.82 16.55 19.71 29.33 41.91 53.58 37.18 57.28 79.37 74.12 43.66 53.99 86.58 63.98 81.65 45.28 97.90 39.98 82.46 3.01 1.69 79.26 58.17 79.30 39.37 26.44 49.81 90.76 91.44 44.76 70.27 14.43 7.99 38.41 38.92 94.66 92.69 53.84 11.86 52.05 90.11 65.09 50.04 18.08 96.35 57.42 45.20 24.86 17.34 39.84 1.59 79.61 72.98 14.31 41.28 20.94 65.32 21.36 84.28 0.87 71.83 58.71 27.99 56.20 48.60 12.17 68.36 41.96 17.99 25.78 16.27 82.57 4.87 55.59 32.22 77.35 18.05 61.09 41.67 54.16 49.10 48.89 35.33 52.48 18.53 8.30 87.50 64.32 61.97 54.43 93.61 60.92 43.35 53.42 19.81 48.00 58.49
38.97 27.45 56.01 57.03 2.63 6.29 43.15 21.29 42.58 5.04 65.40 36.08 1.86 8.06 17.95 20.12 87.91 81.78 27.21 46.75 80.93 28.55 3.23 86.12 79.18 59.80 49.39 43.55 67.55 29.50 46.65 99.89 42.19 51.26 94.52 6.70 67.63 11.51 28.07 32.54 38.83 92.41 48.97 64.25 56.09 51.13 21.21 89.93 33.27 34.60 3.50 82.60 75.28 23.69 68.10 52.97 25.21 6.48 56.63 8.85 4.62 81.76 31.30 42.78 8.72 97.78 55.13 33.30 98.38 87.64 45.56 68.88 16.73 30.57 32.74 79.75 93.82 49.27 42.98 10.61 53.98 42.29 26.47 57.34 14.63 8.34 41.41 30.31 94.92 32.26 3.56 3.08 57.90 12.83 2.96 60.45 8.68 61.07 2.42 37.62 73.26
41.91 74.92 72.37 6.76 65.33 21.51 23.85 88.50 73.95 87.04 91.91 84.48 92.73 93.16 51.41 6.33 8.62 54.17 26.53 68.98 25.98 56.21 81.54 19.67 60.57 10.72 85.00 67.06 33.77 25.94 30.32 77.17 39.12 26.19 27.32 64.25 90.36 90.36 48.27 25.63 51.01 17.09 94.96 24.41 10.72 68.81 93.41 64.10 38.60 71.88 78.66 56.48 29.81 51.24 81.38 73.36 83.21 71.71 66.02 81.46 57.98 94.38 34.29 96.55 47.10 80.28 52.43 64.75 68.02 60.71 79.08 48.92 38.90 93.58 57.51 17.40 71.28 0.28 2.34 23.92 6.52 99.56 50.82 17.88 51.93 25.34 23.13 55.01 65.33 47.38 92.81 22.98 78.51 44.67 52.37 36.31 11.88 74.66 76.07 52.80 51.06
77.26 83.10 16.58 59.39 87.36 32.87 14.64 33.00 35.08 82.32 64.34 15.17 84.52 60.14 36.86 30.86 45.41 15.71 80.16 73.67 56.13 85.24 0.53 84.63 43.13 77.66 77.51 81.88 82.66 92.43 82.64 98.08 52.01 14.62 7.93 50.73 38.89 30.04 28.99 91.72 78.74 4.16 58.28 33.33 0.19 86.84 27.11 86.77 53.33 97.59 25.30 48.26 67.62 33.17 69.26 78.01 72.36 55.28 33.33 75.16 60.86 1.99 21.76 48.52 4.93 14.85 76.89 6.08 92.64 75.76 51.88 7.62 54.25 32.70 44.98 95.68 67.53 31.92 37.27 14.70 3.94 24.10 55.29 87.28 88.10 93.74 92.98 42.70 67.32 87.00 90.72 11.52 12.05 75.34 7.60 86.39 93.93 34.61 48.69 39.74 93.81
52.55 91.08 22.79 89.13 7.08 85.51 82.32 80.28 49.30 66.92 69.76 71.77 55.27 99.94 38.26 51.61 6.69 89.92 80.67 46.99 16.32 20.96 35.71 90.11 84.91 73.24 88.24 91.82 73.51 94.48 11.15 61.77 66.20 34.62 19.67 51.65 35.19 82.67 64.47 80.66 18.25 82.70 8.16 35.85 8.49 46.89 75.76 52.00 15.82 27.56 52.64 66.97 95.99 34.72 14.08 18.50 36.78 2.00 27.20 39.77 64.32 9.09 24.24 62.87 15.27 79.82 99.89 8.10 30.58 39.47 4.57 2.21 16.89 11.70 82.49 40.77 24.03 65.65 22.31 9.98 23.50 11.17 8.71 49.31 64.12 27.15 6.97 87.76 72.10 46.60 14.27 88.62 10.37 80.38 26.85 21.29 29.27 58.58 46.45 91.05 84.01
63.78 39.57 94.61 19.28 41.45 95.99 17.77 13.81 3.21 2.95 98.74 77.85 21.24 18.06 85.62 86.97 55.99 52.58 62.41 78.58 57.02 11.04 35.35 36.41 42.07 83.61 10.35 51.21 91.82 30.59 94.56 89.33 74.46 22.85 84.34 6.99 51.76 34.89 82.76 4.57 45.43 84.76 5.73 53.52 81.49 20.49 95.22 80.30 59.63 70.48 27.73 9.82 33.45 40.22 62.49 80.43 24.39 4.71 77.16 31.87 79.73 89.58 22.85 90.73 24.20 88.76 47.25 96.90 56.38 20.20 28.72 76.14 94.41 56.21 93.29 62.12 40.17 23.04 21.16 63.04 61.78 5.01 27.04 22.47 78.18 85.69 10.91 82.32 98.94 82.81 93.93 33.77 49.62 14.91 66.48 84.19 12.17 11.85 30.79 1.49 14.61
62.48 50.16 3.63 70.49 89.94 84.64 89.17 70.25 87.52 36.03 0.09 21.04 49.32 85.85 85.17 12.32 72.60 63.84 92.22 57.05 23.13 0.67 22.69 11.79 1.13 87.16 80.77 15.30 38.96 44.10 14.42 23.70 90.19 27.57 7.74 19.76 70.34 4.57 29.53 89.20 16.64 96.50 80.72 87.47 64.64 30.13 43.87 53.99 51.68 25.38 84.33 58.19 55.62 47.62 14.69 15.28 23.83 10.07 19.26 28.63 87.93 23.74 28.45 55.34 48.33 4.50 86.23 46.89 79.58 35.66 63.80 14.66 48.03 94.84 95.01 99.34 35.10 43.36 10.35 35.73 61.27 68.53 68.76 59.03 72.43 1.64 12.74 48.37 23.06 26.21 61.51 19.33 1.85 37.89 88.42 6.07 85.12 33.72 31.23 67.38 65.03
31.61 19.61 68.50 86.60 65.56 2.75 55.74 62.85 4.58 59.10 60.47 63.79 82.51 50.27 23.10 6.93 60.13 76.63 85.47 86.78 86.93 16.97 95.32 43.85 4.23 1.21 21.08 57.14 78.53 22.40 96.64 23.96 24.02 25.96 99.36 6.90 31.11 51.69 38.44 57.08 0.57 74.22 16.16 59.13 13.13 72.74 5.63 18.28 29.95 96.20 88.93 10.80 58.10 12.90 79.09 62.49 13.26 16.33 32.30 76.81 16.78 0.28 89.10 77.70 82.00 60.08 33.40 6.01 69.57 88.78 37.68 86.59 34.36 11.99 15.56 27.72 71.53 54.78 84.71 68.81 56.28 68.74 95.24 87.97 1.06 78.40 37.97 87.56 30.88 92.74 35.27 67.28 30.44 32.90 72.79 12.22 68.56 91.51 27.71 78.03 1.70
91.66 55.62 3.11 69.71 23.21 52.96 86.26 16.49 2.37 59.78 3.57 24.00 96.37 18.19 2.52 18.67 78.56 59.01 93.19 78.78 26.43 40.01 35.07 77.07 24.25 50.41 76.15 40.38 5.18 74.89 16.02 50.57 16.04 83.94 99.86 12.64 70.92 43.89 63.93 31.31 73.12 72.95 4.76 42.63 69.68 25.85 82.68 16.63 46.33 39.26 56.46 73.67 0.03 38.85 0.93 20.13 12.32 11.33 44.93 5.92 43.89 74.21 24.97 5.73 25.04 4.77 18.39 18.44 90.51 72.70 94.82 95.09 29.20 74.45 63.62 51.80 93.32 65.77 3.56 81.65 84.24 2.75 98.04 26.79 82.61 65.05 18.80 9.48 90.77 75.10 21.28 6.96 25.25 65.01 24.21 24.79 31.83 78.31 37.68 16.58 22.69
64.62 14.21 78.20 87.56 92.43 59.72 37.34 38.02 18.82 29.94 7.96 97.71 31.68 94.91 92.03 37.52 51.10 53.41 77.85 41.08 59.72 10.54 33.37 65.73 85.55 14.75 34.93 49.13 29.33 23.22 41.38 26.94 52.66 50.44 40.62 3.79 61.75 68.59 4.59 51.42 91.73 60.60 8.76 89.46 85.18 88.08 14.93 8.09 45.05 40.88 7.46 66.63 56.47 41.80 63.52 82.89 79.20 26.26 3.12 5.19 1.04 91.38 49.17 12.14 41.75 33.28 38.70 69.18 71.46 21.47 86.85 43.85 27.38 23.57 31.00 80.20 46.21 46.00 55.54 63.43 33.73 12.84 36.08 91.43 22.91 84.88 75.77 37.85 7.41 76.00 72.83 6.51 46.49 32.44 92.08 28.81 63.45 21.95 18.83 82.95 61.53
8.20 82.41 62.51 88.13 57.38 12.02 31.25 10.97 36.59 87.04 49.72 84.05 31.60 24.38 83.91 70.93 42.38 31.27 3.61 75.59 42.50 48.44 2.75 99.06 17.34 62.18 43.61 27.25 74.00 10.43 8.59 65.24 46.46 1.63 21.19 71.21 19.71 86.41 46.25 5.76 24.24 45.95 77.06 56.78 72.50 71.27 82.78 61.01 52.41 50.60 20.01 33.39 1.40 0.38 65.96 20.36 27.21 31.44 45.09 5.83 3.57 96.64 78.23 9.31 2.74 41.42 87.48 94.00 96.60 37.65 30.23 91.70 23.66 58.11 12.40 60.80 6.69 62.45 73.12 62.83 54.60 49.20 94.81 92.76 65.54 46.66 5.57 55.38 32.68 55.58 15.94 94.77 34.65 77.14 63.55 25.31 61.19 9.03 16.37 10.12 42.70
66.54 76.27 39.63 37.75 91.60 66.29 39.10 79.23 20.76 87.69 31.36 10.88 17.12 96.73 31.80 91.97 24.90 50.34 99.12 54.98 27.71 63.56 25.76 35.32 49.50 27.65 22.23 20.67 71.17 55.39 68.41 33.04 19.47 73.72 59.07 69.45 79.94 39.91 80.12 81.74 39.60 76.22 94.96 3.75 79.72 16.85 74.14 53.63 0.80 82.70 73.11 21.28 1.36 14.63 9.23 87.66 83.25 44.46 71.00 5.67 8.35 65.33 59.95 5.70 83.32 67.52 85.45 16.67 41.78 96.40 66.80 30.48 35.29 28.68 4.41 92.07 75.52 78.17 73.65 61.40 22.21 24.39 16.61 73.83 52.11 96.27 40.12 2.94 98.64 18.69 20.59 49.50 40.85 79.43 97.47 82.43 41.01 75.27 83.01 75.26 75.07
95.93 30.50 96.12 14.68 14.79 43.27 11.33 72.29 12.80 86.54 85.13 43.26 69.98 63.93 62.82 15.41 92.62 18.70 49.16 60.08 68.37 11.77 43.61 23.58 10.67 15.43 15.51 19.03 68.47 57.03 85.34 61.88 59.04 49.96 56.73 37.22 25.78 80.41 78.11 47.79 42.95 91.67 47.25 6.03 35.06 46.02 77.33 98.53 67.74 64.07 37.76 58.96 69.48 51.49 31.03 54.87 57.78 69.98 72.14 44.93 44.75 11.97 6.33 50.59 13.80 41.22 25.16 74.62 13.32 36.87 81.66 62.83 13.56 13.29 33.46 59.58 19.66 93.22 4.37 7.71 67.75 48.22 3.98 41.40 86.64 47.76 0.93 1.44 35.98 74.42 49.13 84.21 0.32 72.60 35.48 93.19 65.04 54.73 9.03 66.15 0.92
60.31 53.74 48.62 54.71 54.38 30.68 51.20 57.85 89.48 81.45 89.58 57.79 46.22 79.92 17.19 30.54 91.48 29.07 47.87 36.84 75.06 40.32 10.67 48.71 84.83 35.59 24.25 30.59 35.91 70.66 16.17 41.01 30.11 83.06 71.37 21.52 45.24 18.45 2.00 90.46 14.70 98.56 64.66 91.57 67.93 53.90 78.55 98.36 55.61 6.51 84.16 53.07 13.90 83.21 40.47 35.02 29.74 17.22 58.18 45.93 79.27 98.04 40.71 58.44 92.05 26.23 86.59 86.05 72.30 27.15 96.60 20.81 6.30 28.38 17.28 83.81 72.39 37.33 89.72 14.79 51.83 7.14 43.72 84.60 52.95 50.42 38.91 37.81 91.00 8.87 86.86 84.54 77.44 80.57 4.96 68.13 35.81 75.12 86.94 72.55 15.49
7.09 87.27 68.00 77.12 53.68 92.00 49.49 8.16 79.22 30.84 47.85 38.76 52.86 75.68 62.88 76.30 32.17 37.81 80.29 63.75 95.05 40.62 73.94 41.32 10.57 37.77 2.43 86.60 49.41 70.37 21.43 25.31 32.78 99.47 87.00 98.21 11.54 52.44 68.16 29.83 3.40 17.03 52.52 75.57 32.98 9.07 19.63 38.33 35.39 19.43 58.01 0.08 12.18 41.72 44.63 79.38 13.92 33.84 38.65 55.63 85.62 6.68 98.21 25.97 83.41 16.26 58.01 61.99 60.56 34.42 60.81 15.26 61.32 21.83 6.74 3.90 92.34 13.96 70.65 6.70 9.88 97.41 95.49 74.15 68.41 2.59 2.83 21.89 32.07 97.84 62.58 35.47 94.59 23.18 61.23 33.32 15.64 57.46 80.85 0.44 2.81
91.45 67.50 2.71 0.52 6.92 97.70 62.65 99.31 55.49 87.00 34.30 65.83 23.09 17.28 86.19 9.95 23.64 62.39 56.87 41.36 63.75 97.21 75.95 96.38 78.84 27.06 62.04 43.25 93.70 99.73 86.36 1.41 3.49 43.12 80.93 99.93 75.43 14.59 83.76 74.19 51.99 89.92 86.57 70.89 57.82 44.67 66.55 83.46 89.90 56.66 43.20 47.78 37.93 68.48 15.15 45.03 80.66 58.38 96.84 48.72 7.55 88.07 56.13 28.69 28.23 96.75 42.60 45.07 85.52 53.83 75.53 23.75 13.64 88.50 54.96 92.33 6.00 23.05 29.81 24.55 4.01 14.79 18.38 61.57 49.67 59.92 18.34 48.35 6.55 11.72 59.81 83.69 47.60 17.87 5.02 27.07 8.50 6.29 17.27 87.00 44.22
14.04 66.19 50.81 13.46 53.80 89.42 10.34 60.41 26.93 67.77 74.53 91.56 7.34 96.50 16.32 71.50 3.96 80.26 47.48 8.02 62.04 63.36 89.86 54.91 50.09 85.22 59.58 8.67 99.61 15.30 66.72 72.17 86.29 34.26 99.48 55.38 74.59 18.19 10.73 46.47 2.92 80.27 45.30 66.70 13.36 95.45 55.71 96.96 64.05 32.10 49.22 53.07 18.84 77.47 25.67 52.12 8.05 74.08 99.48 54.70 87.65 70.72 42.67 55.68 86.35 16.97 22.85 13.64 96.11 32.93 59.35 71.45 43.64 72.20 78.90 41.51 41.73 30.75 60.56 1.20 37.53 45.04 55.77 78.00 78.67 44.45 77.36 9.44 12.42 15.00 91.08 57.41 21.18 62.86 74.47 16.30 28.12 45.01 18.76 77.76 76.87
92.26 75.12 72.83 94.29 69.27 64.55 53.00 94.12 26.78 98.67 88.64 11.53 43.39 20.11 12.12 5.94 55.90 38.94 79.47 0.10 58.72 86.80 64.31 24.24 10.00 2.44 84.69 95.98 59.07 55.12 94.33 0.42 43.22 42.87 27.50 72.63 85.89 79.60 31.71 82.13 51.94 72.51 62.36 7.10 60.06 15.29 92.41 58.27 26.04 14.56 97.34 98.13 68.49 29.22 5.14 86.57 62.81 5.62 61.33 18.37 91.75 47.66 25.62 63.82 58.37 7.59 3.12 52.51 62.57 7.35 21.91 88.12 61.74 11.76 84.33 20.58 10.39 7.01 5.93 43.44 82.85 81.95 85.20 85.31 36.27 68.68 34.65 77.80 61.57 10.38 35.84 4.08 50.58 95.85 9.50 83.07 29.25 88.11 22.31 21.93 45.74
82.76 86.31 66.51 3.93 93.15 9.93 64.20 62.02 31.09 29.27 66.38 65.43 97.82 15.17 9.72 9.82 28.66 47.02 71.37 24.45 38.38 35.32 72.56 17.68 8.77 86.67 61.75 22.43 61.45 93.97 76.69 34.08 42.85 87.87 15.84 27.33 97.72 75.93 44.31 45.54 31.21 52.84 16.10 28.41 5.94 35.94 17.17 43.33 0.95 81.71 59.16 2.96 76.18 5.78 95.96 84.12 80.60 18.41 45.86 48.83 53.23 88.70 66.70 79.95 18.27 29.95 85.92 80.93 97.60 91.74 7.87 92.55 4.27 72.75 71.94 91.59 50.10 23.99 10.88 2.94 86.61 76.94 45.53 14.12 79.73 17.63 25.24 4.94 0.90 44.22 40.38 17.81 5.83 89.82 24.30 38.03 83.12 50.30 89.78 39.58 99.08
61.59 67.67 64.44 59.99 82.94 61.01 64.46 71.15 99.84 8.36 62.69 37.99 36.78 91.38 14.27 98.97 34.39 5.11 45.95 78.03 27.97 9.19 91.32 73.73 87.85 31.89 91.42 8.26 27.03 4.02 55.51 92.68 58.18 43.44 92.69 22.49 62.26 50.12 77.67 37.94 72.58 15.92 30.53 10.97 3.44 82.74 82.04 1.05 49.04 42.78 88.35 50.41 60.37 6.47 25.95 10.52 22.70 47.92 21.04 9.68 91.86 80.06 75.68 10.11 89.48 46.81 14.51 16.30 61.47 12.75 53.56 52.93 20.47 12.59 81.24 93.52 43.75 79.28 12.38 42.26 87.72 2.03 63.43 91.95 77.79 49.03 84.96 35.50 6.24 23.57 56.87 23.81 5.90 74.38 98.57 70.34 73.37 37.72 70.28 91.86 98.23
60.19 64.37 52.76 80.84 98.15 53.63 28.56 63.21 39.07 44.36 1.64 11.23 20.80 16.20 3.94 94.10 56.75 3.10 34.73 49.00 51.41 20.57 3.65 9.25 59.02 4.87 35.92 94.88 81.87 76.74 79.66 27.88 16.24 10.17 43.69 39.14 33.20 47.24 49.66 76.58 53.44 99.04 48.14 96.52 30.75 96.31 11.48 72.96 16.02 35.00 80.68 75.53 99.38 13.35 45.74 38.39 13.65 46.84 17.46 76.72 14.04 25.43 51.23 68.21 56.24 29.31 43.46 7.40 24.18 20.17 18.54 53.47 33.67 2.04 27.78 17.67 4.69 21.25 29.15 35.35 17.19 12.39 75.93 13.25 57.91 51.57 42.77 20.01 56.07 33.61 69.20 92.62 65.06 37.90 53.53 89.46 91.27 61.03 48.13 42.32 7.80
1.00 47.01 46.91 38.02 93.29 89.35 20.77 98.10 87.54 72.05 71.78 44.50 67.34 69.53 60.02 58.84 52.71 21.82 26.87 57.94 7.66 55.17 97.05 46.24 1.40 69.12 38.33 28.15 35.75 59.43 8.08 66.73 41.26 96.55 62.61 63.10 54.58 6.74 16.73 97.47 30.38 39.45 83.24 27.92 30.88 41.46 99.29 67.40 3.16 27.84 47.87 80.25 49.40 41.90 28.89 64.66 63.63 78.04 62.13 26.17 78.49 98.39 80.94 9.10 94.90 55.72 12.47 98.29 77.59 38.00 48.21 26.10 69.84 5.86 68.10 90.18 96.68 53.52 55.62 54.28 1.68 46.29 88.23 76.36 22.07 31.76 14.43 13.02 52.59 19.27 90.50 33.55 49.21 39.71 7.57 97.25 51.74 84.73 3.18 99.69 81.04
15.30 88.68 96.24 95.38 6.08 63.51 19.10 66.81 0.79 62.97 67.60 26.98 57.47 15.54 15.45 30.23 5.43 14.47 31.22 13.09 27.68 23.12 67.96 43.26 55.38 13.02 31.76 81.95 8.61 79.34 46.23 34.15 86.95 6.01 19.58 98.22 44.10 9.20 95.81 22.39 18.48 15.47 57.84 53.05 48.16 3.25 15.00 39.66 13.25 97.76 95.52 74.14 8.28 73.38 3.69 42.29 58.62 96.94 63.79 23.47 82.68 55.71 75.46 5.44 36.45 32.97 88.81 44.01 54.00 29.08 64.15 0.95 24.88 54.65 82.33 22.87 97.21 50.50 49.80 49.75 43.87 46.24 75.13 30.43 32.25 81.47 20.35 45.35 68.23 12.47 48.79 39.95 67.21 77.84 39.16 76.35 31.20 26.48 52.19 89.32 92.57
48.22 97.11 2.31 19.91 93.95 44.06 9.08 84.09 22.07 50.92 65.10 97.66 39.82 89.43 68.43 58.63 89.46 82.93 12.95 30.44 33.21 76.58 32.33 2.40 31.94 91.94 40.60 52.31 64.39 83.15 71.58 29.07 73.18 46.58 49.00 33.98 41.48 53.56 96.20 9.53 97.09 1.34 46.96 1.50 45.46 38.96 37.96 43.58 55.63 37.55 69.64 95.15 45.29 46.47 47.95 87.45 84.57 75.45 94.91 65.68 10.84 3.37 77.85 74.61 63.98 80.05 78.61 43.65 61.55 35.58 57.84 89.27 97.87 60.45 11.36 13.15 16.28 48.09 4.96 43.27 49.04 59.45 14.68 45.01 31.73 50.46 42.28 57.98 52.28 26.12 39.88 47.84 59.62 62.26 66.77 36.92 51.72 59.31 93.93 26.52 98.54
50.68 25.97 97.17 27.93 30.02 96.22 29.97 76.24 44.81 76.92 57.62 49.02 70.27 42.27 28.36 62.92 38.62 24.56 36.09 27.84 67.47 10.94 65.72 57.87 72.97 92.81 73.26 3.80 42.05 79.64 25.62 0.66 77.55 36.31 3.66 52.59 89.00 89.70 30.90 40.46 25.48 33.06 96.46 88.89 82.43 53.60 5.70 2.95 51.39 37.19 36.15 51.47 23.73 96.09 77.32 69.50 19.23 37.31 59.75 75.74 55.67 91.47 9.90 8.13 40.74 90.36 97.79 95.26 68.01 26.98 25.13 97.28 30.35 27.91 46.68 75.68 50.29 68.65 51.82 90.12 91.80 45.96 55.64 18.18 59.67 55.51 42.13 18.07 44.85 4.47 68.00 74.51 84.94 90.08 92.12 56.48 2.63 72.03 13.59 3.79 78.98
40.32 99.65 67.60 9.27 24.08 42.02 30.38 47.40 65.24 99.52 28.98 77.82 56.46 32.36 26.68 60.57 73.93 18.73 73.90 33.98 86.49 54.68 6.66 94.64 3.59 7.14 31.12 66.57 35.27 49.29 95.03 42.49 52.69 10.93 93.28 8.00 3.71 60.54 79.42 25.63 45.54 44.01 51.73 97.67 89.43 46.36 22.40 47.97 98.52 62.23 94.31 34.34 81.66 44.14 29.38 6.60 9.68 84.26 52.55 59.82 43.36 18.83 13.00 45.36 14.02 95.06 51.29 41.22 15.06 34.92 3.74 51.92 87.85 50.89 10.09 94.83 24.78 74.59 36.86 67.43 44.64 15.05 72.25 91.01 86.57 90.14 18.11 59.87 67.65 92.13 51.50 39.48 97.62 71.39 30.58 14.72 28.16 36.06 67.11 65.44 33.89
10.34 65.32 8.25 52.98 1.42 98.85 56.34 26.03 50.60 54.08 92.88 53.22 84.87 51.36 47.42 9.51 81.12 16.29 66.52 73.48 33.64 96.68 3.96 2.90 95.98 61.85 23.85 75.50 12.42 35.45 56.25 26.27 15.15 50.53 28.87 20.95 24.85 51.06 74.31 51.98 0.00 30.04 56.06 3.99 99.13 84.84 24.49 1.17 56.83 95.42 97.88 56.86 39.53 85.83 78.47 33.45 20.56 4.02 18.94 6.90 80.12 37.78 27.48 15.11 83.84 72.59 21.54 87.02 73.52 19.62 28.29 48.72 4.66 66.03 55.73 49.27 67.82 83.14 53.15 37.58 78.58 46.19 7.46 44.31 36.84 99.80 71.31 15.14 67.62 9.20 92.88 24.93 67.27 30.65 87.20 83.17 12.93 27.87 67.57 84.44 84.15
96.61 81.93 44.45 39.29 97.16 44.25 25.21 68.99 5.34 39.43 59.23 57.66 39.18 29.18 14.64 64.90 43.35 11.47 28.93 13.52 27.06 92.86 83.65 37.89 6.25 61.37 86.97 13.71 29.82 57.16 58.89 42.21 29.96 27.93 60.90 65.86 61.40 4.15 86.57 4.02 62.81 65.83 9.43 81.46 84.69 27.19 53.75 49.23 16.70 81.88 18.68 80.59 80.28 22.62 45.13 59.69 75.91 69.19 64.86 32.92 86.25 17.38 70.10 72.04 79.12 33.77 36.38 25.99 97.66 31.24 35.45 79.03 37.39 84.20 2.94 80.99 32.92 37.55 19.23 23.26 4.17 98.63 49.47 3.71 30.56 80.56 60.92 34.42 94.42 57.69 16.14 55.24 64.30 96.94 25.63 67.64 12.42 87.42 78.30 86.54 69.46
98.66 37.84 57.97 15.82 93.95 55.63 93.57 63.47 87.12 34.58 36.28 32.68 15.69 5.99 63.12 45.68 85.05 86.29 30.63 98.82 82.52 78.00 45.84 22.47 15.30 69.86 55.36 27.31 45.64 94.71 53.71 39.93 85.89 81.20 8.87 65.81 81.65 35.71 19.46 13.37 55.01 55.46 45.28 40.09 94.75 74.97 39.14 51.50 41.83 21.81 54.40 70.45 9.96 80.99 21.25 86.72 83.63 76.19 9.66 14.98 16.11 35.53 18.36 84.17 19.62 32.83 40.18 84.90 67.69 69.39 64.92 92.53 98.23 53.84 89.23 97.34 19.65 34.19 74.05 24.79 65.91 11.44 36.61 41.86 36.12 0.69 97.07 47.56 47.85 70.75 54.15 51.05 48.07 68.48 82.76 61.39 53.92 95.96 61.43 70.07 47.49
3.31 36.77 6.89 61.22 29.54 84.98 84.70 50.32 9.95 27.78 3.38 50.57 80.90 96.42 26.68 87.07 52.88 9.28 35.31 49.71 37.82 30.28 86.31 2.02 36.00 85.41 70.13 75.86 88.44 43.14 55.98 58.42 25.30 27.79 61.27 36.27 9.24 0.46 99.38 78.20 65.43 10.60 69.93 85.06 0.98 28.63 93.25 5.08 66.65 99.78 15.96 42.57 20.19 1.57 81.79 87.76 64.45 62.75 55.62 16.08 69.34 43.55 92.76 8.09 90.51 9.83 88.24 21.56 89.88 64.11 79.35 12.11 66.83 18.43 60.96 68.13 15.63 15.90 44.39 76.91 71.52 85.22 5.14 45.43 16.83 0.77 12.30 38.58 98.24 24.24 64.80 35.83 66.08 2.94 73.90 79.40 12.71 19.29 99.67 24.34 51.14
77.59 43.84 14.28 92.45 71.07 61.54 13.90 78.93 37.35 92.93 20.12 51.28 80.48 17.58 43.46 60.22 0.23 37.86 11.25 22.08 33.16 25.59 92.42 49.35 36.92 74.89 53.96 74.47 27.19 69.61 49.84 87.26 0.65 25.39 61.63 41.96 48.31 84.53 17.88 19.08 0.79 16.76 17.81 11.95 60.12 65.76 57.39 44.10 0.04 4.20 47.55 44.80 18.67 32.48 44.32 25.35 31.01 13.36 4.51 3.23 84.55 28.12 55.82 80.47 21.35 84.94 32.76 60.27 39.60 52.92 92.41 0.45 9.44 1.68 51.75 56.42 93.63 10.11 20.77 45.05 52.38 50.85 40.16 33.64 83.04 20.55 31.58 5.71 73.97 10.66 76.03 47.06 73.54 1.14 92.03 83.59 37.48 2.74 17.26 70.44 31.79
7.28 99.02 0.86 87.58 86.56 53.35 49.35 5.27 97.72 89.66 57.05 60.46 14.96 18.14 23.67 18.50 79.39 92.98 20.69 65.75 91.57 3.56 77.81 30.80 1.51 17.86 30.30 93.83 20.98 54.42 81.17 16.99 70.37 81.04 25.06 8.87 71.28 0.92 8.42 46.43 94.61 95.87 53.82 69.67 34.01 8.20 34.15 9.36 32.85 43.66 92.28 42.80 59.78 22.85 70.03 68.51 24.02 43.73 9.75 54.29 2.98 88.56 71.68 62.92 13.92 50.66 60.79 76.88 56.71 64.05 64.59 6.60 32.88 8.13 37.99 37.15 16.70 66.41 87.78 56.95 60.94 3.41 58.47 85.61 79.59 88.76 92.65 6.61 91.19 16.28 39.32 14.47 12.25 11.56 60.35 92.37 87.73 77.09 60.91 15.73 52.13
13.22 22.34 58.91 23.32 37.89 60.57 54.88 44.65 61.91 85.97 82.28 10.56 35.70 51.26 0.53 60.50 64.97 33.32 30.91 80.95 21.24 20.16 78.13 46.49 30.86 29.72 95.64 31.12 71.33 85.61 33.05 79.37 70.91 69.75 0.59 48.46 69.83 1.11 68.23 91.81 20.62 64.06 71.12 88.05 66.13 27.86 79.41 65.07 77.99 63.26 4.49 49.80 96.50 65.91 9.71 27.02 62.35 21.25 30.51 1.68 85.05 82.50 77.22 84.92 57.04 15.52 77.75 1.51 29.38 8.03 50.91 14.89 54.34 18.59 23.48 33.03 28.17 93.04 14.45 30.34 99.27 17.76 16.77 5.97 72.60 48.22 75.73 30.56 43.87 62.22 94.80 7.36 44.66 24.55 79.01 80.92 77.56 74.90 92.38 48.42 6.93
50.97 93.55 11.23 33.03 78.01 46.53 4.56 85.35 1.84 87.14 89.81 16.92 7.16 66.00 36.68 40.71 83.94 59.65 3.71 14.24 57.33 60.56 31.85 93.79 6.79 91.49 7.36 94.25 14.06 47.86 72.31 78.59 20.43 67.58 43.66 24.12 7.64 37.60 72.75 94.37 36.27 96.26 81.47 72.65 62.36 0.12 90.86 15.90 41.57 97.81 2.86 51.29 25.84 80.16 26.79 65.49 77.45 13.93 29.58 59.19 19.45 63.69 65.64 59.08 64.27 37.41 16.03 54.81 73.24 37.88 19.83 14.81 77.57 49.70 56.20 50.33 78.05 47.80 6.41 84.58 45.30 2.02 42.41 35.94 40.70 98.93 10.50 27.91 61.95 50.29 3.06 22.47 11.10 19.60 11.68 64.45 45.66 5.02 2.95 69.29 74.97
78.94 2.40 50.19 45.81 43.64 21.92 56.31 76.22 40.22 33.37 67.13 8.73 14.80 86.75 9.70 67.22 93.41 10.22 60.01 17.39 34.01 61.12 79.45 13.86 27.36 0.92 92.59 19.13 40.16 97.89 53.76 96.48 78.16 50.37 2.83 38.16 49.48 30.74 86.67 47.13 42.23 16.35 98.02 4.40 88.09 34.34 62.91 85.36 96.28 78.57 79.21 84.46 50.96 35.16 50.43 68.50 58.83 22.99 41.56 16.86 95.97 0.89 69.48 2.76 76.54 46.44 60.31 98.77 1.45 51.67 55.20 22.35 71.87 80.88 87.96 45.94 58.94 64.36 60.91 61.61 86.00 10.89 39.50 1.85 67.04 0.89 24.49 85.28 20.74 22.36 95.54 93.66 90.64 91.50 29.02 31.45 77.79 55.23 59.55 87.64 40.09
64.17 81.97 73.48 93.44 83.17 3.52 57.13 47.52 18.80 80.49 29.33 79.43 9.40 71.06 76.02 61.18 93.24 27.08 81.18 34.57 68.58 66.94 0.39 29.25 65.82 23.71 79.05 83.03 47.75 76.15 76.60 75.16 50.49 84.93 44.24 25.79 5.16 54.45 68.74 48.03 80.90 31.68 35.71 36.16 32.03 46.65 38.17 42.27 9.94 92.19 63.49 34.78 54.56 11.73 12.85 92.08 14.16 70.44 19.19 62.61 96.38 33.51 29.11 21.62 84.97 88.70 34.11 27.25 80.50 27.40 51.16 77.66 91.32 86.17 0.06 20.49 17.87 45.91 23.83 13.50 9.77 84.40 57.34 75.90 6.37 75.50 66.86 49.39 59.24 89.78 54.65 95.99 95.38 20.22 56.66 12.82 40.43 85.02 15.97 51.60 81.36
94.30 75.05 56.96 8.21 50.22 23.47 99.19 35.66 85.37 23.31 81.86 65.88 27.54 48.86 48.92 92.38 50.18 72.47 55.16 59.98 32.55 61.26 41.72 35.88 19.38 9.11 95.88 34.39 89.50 7.37 53.02 8.15 71.41 30.41 76.55 98.72 99.42 27.00 12.65 21.08 78.17 36.68 58.98 40.40 95.64 88.31 48.21 79.14 11.85 10.16 45.37 32.47 30.57 74.61 48.12 33.46 1.26 99.29 6.01 55.50 82.54 86.67 56.10 24.76 17.31 45.89 47.71 27.11 13.23 97.38 74.75 5.80 27.30 59.31 35.34 68.99 44.19 40.21 79.22 22.61 98.16 23.67 87.03 11.54 85.85 21.53 18.78 53.35 65.02 93.95 11.55 64.31 25.10 48.11 72.12 82.29 27.03 32.35 42.43 17.86 89.15
87.91 8.63 26.51 91.52 45.22 23.96 58.54 83.60 41.12 95.29 87.88 24.22 79.69 70.90 19.74 35.31 77.38 13.56 54.46 34.85 33.48 49.94 36.38 23.64 69.24 93.57 85.85 61.67 81.79 8.83 22.17 19.29 22.70 40.07 21.14 61.52 97.35 10.43 71.10 29.61 64.05 15.30 43.27 64.05 85.85 0.56 25.63 42.98 62.47 9.47 34.30 72.58 11.35 31.66 91.55 13.96 34.74 38.67 64.99 55.66 5.96 96.53 23.55 69.19 81.05 62.02 57.40 93.69 69.60 27.75 50.10 7.42 74.07 25.75 52.34 20.03 70.85 15.47 98.58 94.81 58.62 42.89 6.18 25.87 44.16 70.14 89.68 3.35 18.44 22.29 23.89 74.49 41.45 7.96 75.85 14.77 29.61 53.17 5.22 70.16 6.77
39.14 3.14 73.39 53.32 51.28 23.91 83.33 10.41 13.20 27.26 10.48 81.24 54.49 66.00 19.20 4.34 0.17 79.31 55.65 70.38 47.76 92.46 61.02 86.73 44.23 91.77 1.02 31.44 49.14 47.39 81.75 89.59 33.90 96.76 26.34 40.30 13.24 77.26 28.12 80.59 62.02 59.25 74.92 7.50 30.69 85.21 70.70 97.89 99.24 49.33 97.48 85.95 81.37 81.34 18.08 3.97 47.78 98.39 97.72 81.76 34.79 60.86 37.04 53.12 58.72 12.77 76.82 88.07 55.88 95.21 2.18 91.09 72.48 31.03 51.17 85.54 32.57 0.44 7.64 4.24 9.13 30.01 35.97 33.54 6.98 35.68 39.47 89.50 15.36 76.65 79.76 67.23 53.29 20.14 80.44 45.60 70.38 92.78 3.19 96.08 64.96
68.25 88.62 14.41 42.61 88.91 78.10 95.36 58.86 54.80 95.76 22.80 53.01 0.44 50.63 2.90 45.52 8.29 76.08 52.86 60.48 51.07 62.49 52.53 93.28 75.56 44.77 24.97 17.42 21.85 82.35 68.33 38.42 74.37 77.94 41.90 77.95 44.22 37.01 9.37 70.12 16.65 77.33 92.39 9.26 29.75 34.42 38.94 22.74 18.00 39.05 47.95 87.25 38.62 37.23 21.95 8.03 38.50 22.58 7.07 65.20 21.43 32.71 60.94 38.34 68.53 2.26 59.37 42.93 97.25 27.81 8.43 87.62 71.65 45.13 63.34 9.07 48.18 26.66 96.09 90.04 33.69 35.52 5.67 52.63 93.56 78.09 46.98 54.31 50.34 84.57 5.33 51.17 21.21 25.09 68.37 68.53 1.10 72.43 26.60 73.35 56.33
74.01 67.49 88.61 39.67 73.05 88.14 85.52 39.52 96.13 17.98 5.49 24.84 54.67 9.27 23.97 62.27 38.82 99.48 1.97 49.51 59.22 1.27 93.95 92.68 78.74 53.06 37.75 56.80 97.61 3.49 20.65 38.41 90.26 31.41 92.45 22.91 39.49 85.48 42.13 88.38 24.89 15.02 55.35 26.52 43.02 50.87 85.38 27.51 64.76 68.47 18.74 56.15 20.53 53.69 86.06 98.60 34.92 5.27 91.51 32.78 80.89 86.86 74.23 78.23 5.24 30.88 4.14 39.77 0.24 90.70 68.76 69.63 30.27 83.83 73.92 81.07 54.42 53.03 59.10 11.12 64.58 78.98 33.25 94.47 7.87 64.37 1.26 60.66 92.79 22.36 4.08 64.40 70.42 88.74 73.82 59.34 7.62 48.84 65.89 40.37 36.54
2.29 79.49 27.78 7.44 34.52 70.90 95.48 7.03 74.65 73.66 28.58 76.11 83.47 86.10 36.65 2.71 23.70 64.87 49.59 75.40 20.74 71.89 53.12 89.60 6.40 70.90 1.87 30.92 56.05 1.14 1.50 92.44 78.47 0.77 86.07 73.97 85.43 84.34 89.10 12.19 21.94 51.71 99.90 92.68 64.61 12.94 42.17 57.32 57.51 15.54 76.32 64.37 26.93 53.41 46.43 61.00 4.20 31.90 39.51 48.97 94.82 76.85 63.97 95.71 13.70 44.86 81.86 13.35 82.43 48.11 73.36 90.70 37.30 15.75 65.59 21.42 36.69 3.73 24.29 15.51 84.69 58.69 39.70 4.08 28.29 14.83 11.60 17.56 52.09 23.93 15.50 68.99 20.51 32.79 20.61 55.14 67.26 74.29 86.70 27.02 94.59
48.77 99.84 9.13 79.94 36.39 51.86 58.02 80.66 30.51 39.16 34.52 31.06 92.92 55.50 20.25 11.72 84.97 28.51 13.91 56.78 42.00 11.26 54.55 79.97 38.35 92.12 63.36 65.89 29.25 60.58 98.45 37.94 53.96 50.22 57.23 81.71 35.94 9.57 31.84 61.07 16.41 11.61 96.32 16.41 32.89 70.16 74.51 57.43 95.51 63.54 63.45 18.30 93.05 58.87 98.70 66.71 92.90 23.97 95.10 54.59 13.01 86.05 5.06 68.12 72.95 48.39 97.81 60.98 63.86 70.83 52.47 76.40 57.43 43.36 52.11 70.95 6.43 90.83 92.56 14.43 98.44 40.77 39.49 54.98 44.50 42.70 93.83 14.14 64.75 38.22 4.53 3.89 22.71 24.06 12.60 12.59 24.04 71.49 77.46 79.98 56.93
88.41 36.80 20.17 96.54 15.26 33.67 34.54 83.18 45.06 94.76 47.57 61.20 47.11 48.33 19.88 25.52 98.66 20.36 84.79 2.17 87.98 57.11 10.67 31.98 5.06 93.23 52.22 51.01 7.69 75.75 94.28 54.58 7.24 62.40 18.88 46.76 86.86 74.20 71.02 60.40 19.41 56.77 97.86 52.04 85.75 91.81 88.06 5.26 18.00 8.84 58.86 52.17 71.03 46.43 20.02 70.69 75.17 37.42 23.27 82.11 54.39 16.83 63.09 27.99 62.08 15.79 81.53 65.57 22.90 21.23 81.10 0.04 99.87 42.63 20.04 30.55 41.22 85.29 72.71 72.19 9.63 22.72 82.27 89.90 63.71 61.08 64.96 64.34 21.84 34.29 47.95 74.15 92.67 10.26 52.58 99.79 97.09 41.60 63.13 36.87 56.62
68.06 69.18 23.95 63.17 57.69 55.89 59.20 97.98 80.44 42.36 63.92 89.40 13.85 13.44 30.84 68.64 35.20 5.95 72.68 73.76 4.90 43.16 33.74 58.25 68.46 8.79 15.85 37.33 8.64 52.19 66.68 77.85 40.99 69.22 88.47 74.68 31.79 99.70 62.46 68.19 47.42 89.39 40.05 28.59 39.63 57.68 75.38 30.43 73.20 4.80 38.00 44.14 35.19 76.72 78.11 67.50 53.19 64.08 52.89 7.36 77.73 6.96 76.97 20.39 26.46 41.97 83.49 22.09 29.38 27.31 98.41 40.71 12.11 51.81 88.61 25.92 92.61 52.38 26.05 49.56 70.76 43.13 90.51 90.23 55.06 69.00 46.83 22.26 89.29 13.77 78.01 57.46 31.18 20.55 3.58 34.56 40.44 91.70 20.93 37.68 60.02
21.49 15.83 16.31 67.27 39.16 80.18 22.15 54.25 67.08 50.17 70.61 60.25 16.65 24.63 91.56 55.58 74.38 4.22 68.62 99.00 18.89 29.56 63.64 15.68 35.09 34.10 98.04 62.17 47.88 28.93 77.22 66.78 1.07 1.60 48.05 76.34 59.87 51.49 2.56 94.90 42.59 40.20 50.64 71.76 2.30 27.60 2.19 16.85 94.56 34.76 10.02 21.82 87.81 91.93 53.72 73.50 5.59 17.11 41.99 51.84 32.08 15.55 5.57 25.19 37.64 76.45 90.73 66.77 38.31 39.64 42.12 7.92 55.06 29.42 15.19 52.53 87.50 11.22 99.17 97.54 49.79 12.93 63.63 31.41 15.77 9.27 19.73 94.12 71.02 75.12 4.22 2.62 47.17 10.41 30.80 96.61 21.75 83.51 93.01 83.21 91.22
57.46 4.32 5.70 98.50 97.41 38.64 87.23 45.59 86.44 74.21 12.34 72.41 57.35 27.23 36.18 36.83 64.43 15.99 0.70 8.08 84.95 30.32 37.89 99.62 6.06 32.65 52.17 89.87 88.61 25.41 76.72 24.39 80.70 52.30 25.74 64.75 65.23 63.89 94.27 92.25 75.93 28.89 3.44 23.10 1.37 13.26 84.73 53.30 76.57 72.04 83.09 61.08 56.04 86.87 79.49 39.96 25.37 13.82 89.04 15.26 61.57 34.83 17.09 9.00 66.46 4.08 33.70 71.45 81.93 22.80 10.51 72.19 0.32 34.46 13.25 34.47 99.39 3.03 91.00 36.03 23.93 38.01 88.41 24.58 70.78 71.59 30.51 28.01 34.43 83.40 68.38 38.51 55.65 83.81 36.15 66.08 61.56 83.06 19.78 48.07 84.94
53.24 20.25 14.33 74.50 73.09 38.67 1.27 84.27 84.22 72.92 68.86 29.52 53.44 20.44 35.53 35.94 26.35 30.82 48.75 27.39 16.85 86.22 1.36 73.09 12.09 23.54 37.42 9.28 26.33 94.58 13.69 93.44 68.19 51.95 84.21 99.28 15.11 54.15 93.39 29.26 64.34 64.36 82.81 73.12 42.34 45.22 25.70 84.95 10.76 71.65 62.32 97.36 62.76 50.87 16.01 70.90 90.90 64.66 57.88 35.31 30.09 31.30 3.49 92.41 32.18 71.44 71.89 52.07 77.51 51.32 16.46 28.56 96.01 13.44 2.30 66.81 49.59 87.44 23.97 99.41 26.34 37.93 75.28 27.22 3.63 6.37 98.86 12.79 69.02 41.31 86.04 72.43 47.23 37.62 94.97 48.93 25.74 21.90 76.24 33.67 25.84
28.76 44.59 37.40 15.00 17.11 74.88 63.80 32.47 86.01 82.98 34.41 37.93 86.03 86.32 71.16 63.34 75.26 66.15 64.81 51.72 45.09 99.08 85.15 64.47 73.14 10.53 49.45 1.54 82.03 64.53 84.04 75.38 72.56 87.80 33.74 15.93 58.01 4.49 48.83 80.72 44.90 58.42 77.45 39.10 67.69 68.97 3.32 99.64 16.64 8.00 51.78 97.90 53.52 31.93 34.32 45.38 55.51 99.37 86.69 9.63 76.83 45.56 20.05 88.68 27.59 51.55 70.43 92.86 46.72 43.17 99.41 70.93 56.84 68.61 14.96 80.50 99.13 68.80 89.10 12.22 5.84 53.96 82.76 13.21 93.83 26.61 51.56 73.60 83.19 26.55 0.75 7.76 53.67 3.02 44.60 8.69 55.02 26.08 60.98 47.90 24.29
18.04 69.76 42.61 66.54 74.71 85.95 66.71 58.54 45.52 61.63 76.80 41.72 21.18 66.47 83.86 7.03 62.71 47.50 82.03 51.79 75.36 20.15 36.03 97.07 62.88 33.14 71.26 64.63 45.39 70.10 21.13 44.07 96.54 93.69 53.96 8.82 5.90 17.99 32.31 90.76 33.40 54.41 52.51 96.42 99.82 41.92 46.82 60.91 67.01 78.02 97.27 8.97 62.36 84.99 24.35 23.98 21.34 80.82 24.07 32.98 91.77 18.38 18.71 24.11 37.09 51.53 76.59 13.83 62.80 24.76 87.70 45.50 64.94 39.56 39.52 88.95 79.84 53.55 68.88 63.11 49.57 74.67 26.97 79.26 20.89 33.47 93.68 35.26 4.17 47.44 75.14 9.44 62.42 44.06 36.80 1.76 20.82 73.65 18.19 1.66 58.66
12.66 2.00 72.13 35.42 72.94 31.32 18.35 28.40 76.86 87.00 39.55 64.22 59.79 11.29 22.91 56.34 2.91 50.09 81.33 45.07 42.28 97.30 77.16 19.73 61.68 33.22 65.32 14.55 20.23 24.50 29.29 11.59 71.72 62.02 43.32 85.88 53.12 0.33 6.75 48.50 50.93 47.66 96.83 22.27 96.93 3.58 82.37 59.20 4.11 41.77 72.55 73.57 7.36 89.96 44.46 35.79 40.75 39.49 71.15 25.68 68.81 36.19 16.63 91.39 11.80 96.28 36.76 68.69 71.19 71.57 11.07 4.52 71.87 31.94 72.52 49.65 96.35 51.31 44.81 62.21 96.44 27.96 82.21 33.94 35.66 45.05 88.28 40.49 62.68 25.95 13.19 3.76 94.09 27.69 28.38 36.57 7.31 52.01 80.71 13.11 25.35
43.31 12.35 92.58 79.30 86.15 32.70 26.64 89.27 11.19 27.08 51.47 24.27 68.26 95.79 14.03 5.55 38.24 48.88 37.34 58.74 67.11 29.00 35.04 59.90 21.49 12.55 19.06 36.35 25.87 98.65 74.56 55.35 69.98 16.32 38.13 82.27 74.42 94.57 64.24 14.22 34.87 27.47 49.88 52.28 66.03 52.45 16.59 34.80 76.35 2.39 20.79 30.65 0.02 80.70 19.48 26.34 83.89 33.96 87.15 29.66 48.03 27.52 82.62 34.75 33.69 0.07 8.57 23.42 59.83 69.94 7.60 72.52 21.45 12.06 15.93 44.24 10.91 75.59 59.16 96.29 96.66 86.03 67.78 63.22 94.59 66.42 48.72 50.07 4.52 66.66 81.15 23.69 68.63 48.00 22.35 30.94 91.84 82.90 49.62 37.88 29.70
88.20 48.38 69.80 75.37 31.24 18.51 42.22 10.06 10.87 26.96 85.87 52.89 52.86 0.67 34.51 70.98 97.27 2.41 87.50 65.50 59.33 61.77 23.64 47.62 66.62 74.00 54.20 72.42 92.43 94.94 59.73 83.02 39.70 20.24 77.73 89.18 89.16 24.77 89.46 88.95 88.85 31.04 44.39 87.82 54.83 20.72 24.59 1.50 56.09 89.07 99.19 33.44 64.92 33.60 72.92 89.14 30.28 60.84 83.88 79.64 84.50 60.94 87.05 46.75 74.85 82.31 15.96 12.46 37.32 84.35 3.82 26.34 52.19 61.92 21.67 77.26 62.44 70.57 26.08 51.37 7.82 83.91 26.77 98.95 83.47 78.12 20.17 79.17 62.43 70.92 29.40 79.92 59.76 43.94 73.79 47.63 45.66 36.92 59.87 73.22 27.15
40.55 75.38 72.44 59.03 84.18 68.07 34.28 7.60 80.45 12.33 48.74 57.10 96.00 86.60 95.36 50.71 75.96 36.26 32.20 44.12 13.79 35.76 26.99 55.51 87.88 43.48 0.42 71.94 23.02 82.64 95.12 33.61 51.88 17.06 0.78 19.76 4.67 94.63 96.12 79.11 25.40 39.73 16.29 25.95 73.31 56.35 44.12 14.09 74.16 62.41 66.37 4.75 4.45 25.76 65.32 23.22 14.68 63.36 10.01 49.98 59.56 11.53 16.05 32.78 33.66 68.20 26.22 83.23 26.67 96.34 41.34 76.03 0.76 96.53 82.64 22.61 3.07 3.77 27.48 13.60 16.09 3.26 38.85 60.44 53.60 47.19 71.95 18.50 88.62 30.98 1.91 41.79 20.27 74.64 27.43 91.15 36.03 19.90 98.71 79.05 81.41
85.78 85.63 44.65 93.76 25.85 34.06 61.96 59.47 95.85 31.50 92.46 56.41 19.14 72.25 68.63 83.99 13.95 66.21 84.45 33.44 25.07 83.43 89.23 66.02 12.39 22.05 25.19 43.72 71.07 15.59 44.09 59.92 49.72 22.56 67.28 23.72 80.91 89.39 6.46 95.94 30.74 87.25 49.07 1.81 50.83 88.01 17.17 79.53 15.07 59.87 80.77 47.67 53.23 15.69 57.82 44.46 74.19 39.28 92.89 55.13 28.87 34.95 84.14 57.70 9.16 66.40 1.67 22.12 27.56 67.47 49.21 21.45 59.49 70.89 35.01 32.14 52.98 74.17 59.65 50.80 57.02 76.50 77.04 4.45 78.31 43.77 38.00 18.36 5.94 29.31 61.92 11.61 93.22 72.69 84.60 61.99 83.74 12.83 11.99 94.60 40.78
17.92 3.37 92.09 16.04 14.90 43.13 27.24 78.65 37.65 41.04 74.73 61.09 25.18 30.46 4.10 43.79 62.99 11.57 89.39 18.23 88.06 85.92 30.28 94.87 84.19 70.57 98.26 67.63 93.59 28.44 98.10 80.97 27.70 34.11 68.58 96.21 24.24 89.22 39.30 9.00 0.39 25.87 67.88 3.57 42.86 52.74 34.05 24.66 35.19 19.22 27.70 41.21 28.76 52.89 54.98 88.41 69.23 44.11 17.56 18.46 91.70 40.74 19.49 12.94 78.67 6.99 96.23 65.84 19.21 4.52 17.45 77.15 4.83 50.73 69.61 60.67 95.67 25.20 8.33 48.06 94.97 72.81 46.39 19.91 40.38 63.68 78.44 71.87 54.18 54.48 61.39 31.58 4.64 89.13 47.00 63.89 77.77 49.85 49.65 52.55 56.57
72.92 76.82 87.20 40.07 57.57 3.44 82.80 13.11 98.37 0.89 36.18 7.36 75.19 48.27 82.66 45.86 35.41 33.48 52.32 89.99 58.42 94.95 19.65 9.28 69.32 59.30 43.75 35.23 37.42 37.68 39.48 22.52 13.98 8.01 35.02 97.52 34.45 66.36 66.42 56.47 66.55 17.40 10.60 69.26 36.25 50.26 58.85 56.74 67.78 75.86 25.42 51.70 23.89 64.97 23.77 13.47 41.65 47.68 28.25 67.20 57.83 81.28 21.06 75.90 44.16 41.41 91.87 81.10 64.42 14.21 93.73 41.25 62.34 40.45 78.71 28.61 55.44 11.30 65.65 11.73 36.83 90.28 4.45 49.20 90.00 51.59 14.83 96.07 69.28 47.50 10.15 88.83 88.33 94.18 1.58 76.43 67.10 11.67 39.83 99.42 32.00
21.33 46.88 23.83 78.39 68.50 60.22 85.25 51.52 88.51 96.54 29.37 34.01 60.97 15.29 78.83 52.69 58.56 33.61 93.26 0.65 6.50 45.43 57.58 45.74 61.38 52.16 63.74 29.24 69.50 71.44 58.96 64.53 55.07 67.62 96.06 88.97 66.48 22.12 9.50 60.91 36.58 74.88 45.67 58.82 24.20 98.55 59.20 52.28 58.03 13.12 32.37 5.62 28.40 19.17 15.99 40.04 41.47 53.63 36.18 84.87 56.63 16.30 60.83 63.29 6.53 77.31 34.58 85.09 99.86 20.55 83.98 30.69 82.51 57.97 94.02 23.83 76.45 40.46 78.15 99.73 28.84 48.14 27.45 66.00 30.30 15.88 53.23 28.02 93.97 72.33 93.19 33.08 32.80 80.61 46.36 4.25 72.48 41.17 68.67 42.58 40.28
59.20 75.94 1.12 63.76 51.72 83.01 7.66 93.78 46.13 1.99 85.59 47.98 87.06 63.20 75.81 37.91 62.45 6.18 71.86 35.13 17.82 43.57 88.28 74.23 61.62 64.68 94.52 27.18 28.97 1.27 37.64 6.99 59.43 95.78 43.37 4.96 44.85 29.73 29.24 21.05 11.70 61.48 49.50 21.80 52.38 15.96 34.02 50.22 28.61 14.15 21.34 27.88 49.14 0.89 32.29 14.07 97.03 1.50 43.10 52.76 59.53 61.99 4.89 81.05 73.48 51.29 1.81 98.89 70.88 63.00 61.25 97.78 17.84 11.83 93.15 36.81 12.71 54.62 5.09 97.64 9.53 92.79 95.25 67.75 93.09 48.04 68.19 60.83 60.12 14.37 51.01 37.23 6.21 45.01 44.42 19.25 42.93 94.00 34.35 88.23 38.99
56.54 40.56 9.68 41.69 64.04 95.74 40.61 42.00 95.87 30.39 42.56 14.88 1.19 31.44 50.65 71.05 0.40 18.93 60.79 49.18 14.16 63.55 72.36 72.42 82.93 9.98 10.49 49.51 65.13 94.32 29.06 21.13 53.43 42.46 17.02 74.27 66.99 18.03 44.40 5.36 66.03 70.48 54.26 63.81 36.35 51.56 51.71 86.10 17.92 39.02 25.57 70.00 88.10 75.68 60.94 9.36 73.92 51.83 41.77 6.28 77.53 96.54 96.69 69.47 53.38 74.69 32.72 99.67 16.57 36.65 12.34 67.32 26.98 48.38 13.18 99.25 16.64 55.60 55.27 2.86 56.70 73.63 91.62 22.03 71.24 16.38 10.48 87.93 10.07 80.33 11.15 88.76 68.88 13.42 58.29 98.27 74.04 32.95 29.30 12.79 70.12
62.96 81.73 80.08 43.33 56.69 83.62 70.46 76.21 22.18 89.36 62.11 63.80 32.90 42.48 46.90 31.16 90.25 14.68 36.88 49.44 32.57 73.50 3.84 75.76 41.97 51.53 11.40 94.97 53.26 7.75 80.49 87.68 7.95 32.00 9.73 18.92 59.92 76.66 21.11 25.76 34.17 1.64 17.66 84.64 67.17 31.34 9.29 99.37 31.49 37.31 21.79 10.91 78.17 0.28 89.48 58.71 93.12 67.98 48.99 8.57 34.67 70.54 92.89 10.67 52.11 75.84 65.31 60.46 38.13 85.90 21.13 17.75 11.40 12.31 9.22 79.80 61.89 27.98 79.08 50.66 66.09 31.57 68.88 7.68 63.43 95.45 17.46 25.57 37.05 50.45 21.25 36.59 43.28 96.18 9.00 12.90 10.18 47.48 47.46 25.81 67.05
29.18 54.00 43.00 98.18 53.74 98.31 11.14 69.55 68.68 20.86 64.72 58.47 68.96 69.28 26.92 31.62 43.30 25.22 46.79 73.14 42.83 22.25 16.54 33.03 58.03 78.86 65.72 25.39 26.91 22.18 86.71 37.70 97.12 40.10 10.64 81.79 27.47 96.02 63.21 41.22 13.89 39.44 89.22 21.72 17.97 97.05 42.18 77.58 41.63 85.45 72.78 56.01 32.83 97.05 75.00 48.90 96.94 79.73 18.75 83.45 52.89 42.75 94.05 1.68 61.02 56.00 82.24 95.72 46.99 42.71 33.56 68.04 48.15 74.17 78.36 33.32 28.36 95.88 45.34 75.74 34.03 21.38 80.36 73.37 72.63 39.72 73.14 79.34 68.13 14.13 7.23 82.84 60.68 1.86 86.75 61.40 20.09 98.21 12.48 21.82 35.71
35.69 92.81 66.57 84.37 90.68 15.93 56.49 84.97 35.28 30.98 70.88 44.96 95.83 15.56 48.35 88.41 25.35 14.90 22.58 36.37 68.59 35.78 32.51 52.14 8.14 77.27 6.19 5.64 97.54 84.68 81.47 74.32 92.46 64.25 19.74 76.83 12.69 71.03 72.82 83.14 3.33 12.34 38.30 59.78 38.13 4.40 60.04 46.36 41.15 8.83 84.15 1.86 0.59 57.94 91.36 25.08 16.35 46.99 2.98 65.43 99.81 44.91 50.68 52.04 67.31 46.50 32.95 73.60 83.52 71.39 14.01 1.67 13.20 35.95 86.74 59.94 71.91 86.51 23.35 79.43 95.88 55.68 11.73 6.93 23.84 5.15 35.91 84.77 82.67 66.18 85.05 85.39 43.43 76.51 79.32 16.10 41.27 39.19 40.38 61.95 14.82
35.46 14.24 12.97 4.51 7.32 97.57 91.35 67.08 63.18 52.40 13.38 80.19 67.16 71.93 15.60 43.28 86.03 29.61 78.36 24.17 31.80 76.49 82.41 36.68 8.21 54.75 1.98 86.97 26.15 30.88 55.18 27.24 16.88 42.83 58.42 38.98 52.69 87.66 74.68 65.24 24.29 23.54 28.92 98.56 3.13 1.26 18.64 61.90 51.53 26.69 13.81 70.88 17.60 50.04 38.43 74.44 37.93 34.06 28.18 1.15 14.87 44.57 29.37 43.28 87.56 89.84 94.81 91.72 63.93 86.23 44.14 57.09 15.10 26.91 98.04 73.54 54.96 66.64 54.69 7.80 32.57 58.45 10.46 88.15 75.48 76.85 7.30 45.10 30.75 81.03 61.12 23.57 47.87 6.69 88.40 3.86 83.09 14.01 10.90 97.35 92.94
13.95 79.30 49.41 21.52 96.62 62.82 22.13 73.69 19.80 20.06 14.10 81.99 49.29 25.06 74.29 6.52 68.76 86.16 15.66 95.95 82.99 75.46 62.88 20.31 72.82 7.73 90.62 64.77 43.51 18.50 48.40 92.91 3.19 28.91 15.68 62.53 9.71 29.78 89.97 45.47 64.72 39.09 5.76 5.39 85.42 78.11 36.88 2.78 26.25 76.42 82.53 7.25 86.22 21.42 14.25 57.25 12.90 48.54 61.55 69.23 39.33 75.45 7.15 14.90 63.28 66.01 69.32 58.28 55.31 99.65 5.06 87.69 17.00 30.86 4.86 24.01 11.11 99.37 80.91 5.92 2.83 29.46 55.88 73.16 63.08 19.90 50.19 37.00 70.18 40.71 38.61 91.49 32.57 50.20 57.41 41.31 32.11 35.22 28.11 68.64 80.50
29.82 66.00 23.48 61.89 32.36 33.67 3.02 66.13 13.92 98.62 91.07 20.29 71.72 63.04 73.39 76.12 25.75 66.38 28.71 16.21 35.02 25.20 84.61 40.42 74.31 11.20 29.73 72.13 15.03 70.37 60.23 65.83 50.53 95.06 18.65 11.77 36.37 33.81 14.48 0.52 45.54 30.81 16.86 61.83 49.65 42.56 64.50 56.02 35.32 83.30 34.84 24.61 43.08 65.88 61.37 10.99 40.39 42.46 27.43 30.15 15.57 73.66 76.42 99.90 89.11 96.14 90.27 39.03 45.42 75.33 33.44 95.56 9.05 47.88 85.13 22.30 29.82 74.99 35.42 95.52 61.38 80.08 81.72 14.33 5.19 88.87 17.25 4.63 46.78 52.26 95.95 35.18 63.78 78.02 88.11 94.43 58.29 16.15 52.96 67.44 54.50
56.43 45.13 46.31 15.34 62.52 46.83 12.36 16.29 71.63 20.18 56.69 90.72 84.53 99.71 78.25 66.67 95.39 43.14 86.85 62.14 54.14 20.81 59.36 53.59 38.67 77.16 5.68 12.49 69.02 13.28 34.14 19.29 33.32 61.65 33.81 42.77 40.88 23.45 33.48 17.29 78.22 47.63 65.35 40.82 46.22 58.88 81.39 40.03 68.05 23.80 32.80 39.67 30.25 63.86 69.18 57.20 26.15 27.72 2.77 79.18 31.91 1.30 3.89 33.34 25.92 50.20 70.42 16.27 60.05 87.60 6.98 54.19 22.81 55.82 71.68 25.21 7.29 45.40 91.68 3.38 5.69 23.44 4.13 18.47 38.52 38.83 74.86 10.42 81.78 10.32 88.54 15.13 90.34 72.16 51.45 1.37 0.98 58.15 98.20 58.46 87.24
44.14 5.61 79.73 70.40 85.85 55.87 83.65 57.69 25.74 61.01 79.20 70.75 41.78 83.56 26.60 73.68 95.00 32.83 35.86 30.26 41.79 95.32 46.05 36.93 39.18 57.26 10.79 96.18 85.74 19.29 85.71 15.76 33.23 76.07 3.34 88.82 44.44 84.47 40.03 70.39 41.27 58.70 28.06 65.03 63.94 65.48 31.41 43.32 50.35 73.72 64.85 28.22 15.50 60.28 8.65 33.94 17.95 13.37 34.44 23.96 79.12 51.50 44.39 34.41 83.88 89.74 99.93 62.73 96.04 48.47 15.27 38.11 19.28 32.24 83.69 80.32 14.09 69.95 80.44 0.92 25.04 7.28 70.19 5.25 77.92 56.16 56.50 40.73 62.42 53.74 31.12 22.87 6.49 17.24 82.50 22.28 39.83 72.55 50.60 69.47 18.29
38.86 6.74 0.92 77.37 39.38 22.82 93.80 10.91 28.91 9.84 10.58 90.69 34.99 1.34 88.46 50.72 67.73 55.09 84.33 30.54 66.70 29.26 17.87 5.48 65.70 54.50 51.98 14.49 47.92 26.49 29.87 91.02 74.16 66.60 88.70 85.72 71.62 40.49 67.57 26.48 93.81 94.98 31.35 91.53 89.97 66.65 22.23 20.10 58.71 68.75 77.20 77.78 71.38 45.30 78.21 69.54 16.66 74.08 25.47 41.98 41.62 62.78 12.55 68.80 70.78 2.53 36.10 68.61 3.57 75.52 50.65 70.20 65.90 98.86 62.30 77.58 18.84 18.05 41.23 6.54 53.78 44.86 5.89 49.13 11.99 9.80 24.55 2.15 89.83 7.77 3.34 29.97 87.51 88.67 14.28 96.46 47.85 99.87 70.17 82.16 67.88
42.70 88.57 47.46 15.83 35.80 13.65 63.62 92.34 83.41 67.15 74.30 59.93 56.67 67.15 99.96 65.09 8.36 35.78 20.21 81.70 61.18 32.58 54.46 22.61 93.70 23.49 46.41 61.90 86.43 57.06 51.53 27.28 3.32 32.29 84.89 60.41 62.90 60.26 17.74 81.09 9.21 46.10 57.76 29.76 90.15 38.77 45.67 80.96 42.52 15.98 45.89 20.64 23.65 78.58 88.77 7.68 61.81 76.44 9.42 1.22 16.76 67.15 82.73 22.47 85.05 58.03 93.25 65.01 82.27 39.71 3.70 41.04 93.21 97.15 39.06 49.38 60.28 92.11 38.72 98.94 76.86 81.73 57.24 27.15 62.76 94.68 77.33 38.08 55.96 80.36 10.43 12.61 96.14 74.21 97.07 50.30 40.89 75.40 62.55 17.73 78.20
81.29 56.87 27.83 66.72 30.07 82.35 40.51 57.04 20.97 80.27 86.75 65.89 33.57 85.15 25.09 1.46 16.39 89.30 89.08 88.31 59.79 88.41 89.19 95.51 66.66 40.65 71.41 15.99 97.23 61.50 30.99 62.46 39.52 83.19 30.85 33.15 66.01 97.76 60.77 3.73 49.75 81.15 35.72 2.16 22.15 46.16 96.93 19.83 54.48 37.33 51.34 73.37 88.16 10.86 26.73 24.89 66.88 76.71 15.97 7.04 76.03 68.47 19.31 6.69 66.08 91.65 68.21 82.68 94.65 78.82 49.05 44.66 58.24 59.76 50.37 26.80 2.08 20.23 77.10 84.36 79.23 54.44 33.60 42.89 2.79 80.01 53.19 76.99 42.05 63.25 21.15 4.63 81.48 16.05 11.50 48.55 48.71 49.81 52.09 23.14 56.36
56.26 56.18 2.91 35.32 97.93 89.67 60.14 30.57 50.26 72.21 72.23 9.26 60.27 17.32 41.82 40.41 74.22 96.61 72.08 65.86 38.41 91.10 86.90 4.31 86.66 41.79 77.48 74.13 88.34 56.34 52.65 90.19 87.32 9.14 60.13 54.18 83.86 66.55 75.74 39.00 59.36 3.39 91.96 52.09 55.36 20.67 4.50 32.80 15.38 48.66 22.54 87.08 37.40 84.28 88.77 56.60 70.84 26.47 14.02 60.57 68.98 18.80 58.07 8.50 71.46 88.93 51.95 57.20 92.75 10.15 85.89 0.84 33.97 60.69 4.25 86.87 38.51 81.21 51.41 28.69 83.89 74.02 50.64 77.78 53.99 6.81 54.65 71.59 46.15 62.52 90.00 45.87 70.43 36.30 91.27 50.52 14.09 82.92 28.36 34.72 45.30
50.15 64.77 88.13 83.54 98.61 20.06 59.15 40.45 39.32 28.18 93.22 33.75 18.69 31.81 27.55 75.61 28.27 59.94 67.13 27.63 96.15 40.68 84.49 18.85 23.36 75.32 36.50 69.34 84.39 89.88 47.34 95.30 29.87 33.60 40.00 88.51 95.66 56.25 41.99 9.62 21.28 98.84 91.35 51.07 3.36 49.70 65.98 73.94 43.98 43.14 65.66 69.35 39.32 90.54 6.16 9.74 76.42 40.71 60.58 36.28 73.34 98.72 13.26 15.30 0.46 96.77 94.61 46.88 59.43 11.24 46.71 59.32 12.32 56.67 69.84 88.05 48.08 17.63 65.94 31.50 82.98 22.16 94.38 33.62 51.20 69.21 95.50 1.68 53.29 29.39 64.77 35.61 96.43 11.46 41.66 34.25 50.47 1.35 94.98 96.93 87.10
78.75 57.33 31.83 65.00 20.17 82.52 59.95 23.72 17.73 86.80 40.98 20.06 33.49 15.05 92.01 30.29 81.90 33.86 12.28 27.41 44.98 99.17 82.69 44.36 72.40 89.76 20.30 38.75 57.56 84.81 71.56 9.53 39.86 86.48 81.17 50.27 21.73 11.29 41.16 71.35 84.62 67.33 86.43 97.24 83.22 24.54 75.43 61.78 40.61 48.74 54.83 56.86 61.14 46.68 95.18 87.43 43.24 60.89 19.74 1.31 27.26 18.09 47.23 45.25 83.52 51.81 30.24 57.22 74.20 16.30 75.84 63.41 33.95 81.45 98.86 14.60 79.91 50.25 72.93 70.95 30.11 42.58 9.20 11.13 75.40 97.86 68.16 83.23 23.51 48.43 35.82 11.35 57.04 21.69 63.55 21.01 71.85 74.45 17.55 19.64 54.53
72.00 58.71 0.26 84.00 28.75 4.96 2.53 11.62 10.69 66.07 5.42 82.67 72.17 22.90 40.22 36.97 64.29 5.15 13.62 54.69 85.38 73.27 34.92 33.96 40.55 72.02 99.19 27.72 89.13 47.51 24.87 65.49 4.90 20.25 44.43 23.19 32.29 70.70 12.68 94.00 99.03 1.67 6.60 55.12 33.37 44.86 60.23 83.37 54.65 64.09 79.77 71.34 36.04 35.89 52.38 14.45 95.74 54.62 51.53 51.34 17.47 51.41 48.35 39.63 40.34 9.77 16.50 85.94 1.28 94.15 24.29 55.57 3.13 96.01 97.13 37.30 30.14 99.83 49.48 27.58 13.88 23.82 75.64 63.66 26.29 76.42 51.76 96.88 59.99 70.04 5.29 51.01 57.11 4.27 3.59 75.41 63.69 71.16 23.14 90.42 85.02
36.82 61.42 4.89 23.85 65.51 65.54 26.05 21.38 22.12 76.54 10.85 21.29 91.85 34.33 63.89 68.41 77.83 66.06 71.94 59.15 77.07 55.73 70.53 54.57 57.10 8.98 41.76 64.20 45.99 91.93 10.96 76.96 51.23 6.00 5.66 74.93 43.60 43.36 16.05 40.12 1.79 61.79 59.52 37.12 96.68 1.64 64.20 83.03 94.91 25.53 21.35 98.24 36.38 99.84 10.74 65.16 51.78 50.94 75.86 99.46 9.09 64.49 91.70 79.86 96.80 69.64 46.33 36.40 49.17 28.00 90.69 90.76 74.13 28.48 30.36 91.66 54.87 64.83 4.95 71.96 48.55 0.07 61.40 5.14 20.42 98.79 42.55 72.13 29.86 26.56 72.49 39.26 83.92 2.75 55.27 7.13 50.18 42.66 39.04 29.61 16.46
29.27 35.22 4.19 67.56 42.29 70.75 84.99 64.06 67.95 99.74 87.29 79.74 91.46 43.76 24.31 2.05 5.72 19.11 64.24 15.75 17.60 95.14 1.46 45.88 16.18 97.74 18.90 62.18 49.08 10.33 56.70 2.77 24.10 72.36 2.12 66.24 54.19 81.74 77.05 79.11 32.89 70.56 35.67 80.63 16.97 70.56 68.81 33.64 73.14 15.48 45.16 58.02 88.61 9.53 18.99 6.45 37.13 12.05 81.73 58.79 55.93 31.67 14.48 80.93 6.22 89.19 90.27 20.33 66.76 86.17 42.81 74.14 96.11 43.98 69.42 82.67 35.99 0.16 90.86 87.20 47.90 53.74 6.43 60.88 3.53 64.77 34.72 36.54 74.88 6.22 13.47 30.94 24.17 89.31 21.90 75.40 17.78 83.62 45.79 35.35 31.75
47.31 69.83 14.40 83.32 56.65 70.50 37.08 49.01 38.60 24.77 91.06 9.46 1.07 46.80 81.29 37.71 27.01 57.41 51.31 22.16 92.69 82.64 73.28 76.00 34.39 16.28 92.08 75.12 11.02 33.92 5.65 31.07 30.94 30.82 80.79 86.66 48.51 11.10 99.92 84.54 42.12 94.11 86.98 36.44 90.09 76.27 2.09 18.51 98.58 97.91 53.74 71.41 94.33 69.67 99.81 87.64 80.37 70.91 18.17 54.44 15.13 65.73 73.93 90.06 71.55 0.31 45.30 32.53 62.33 54.78 81.99 23.05 83.98 27.97 78.08 92.58 99.66 75.11 9.11 47.76 12.43 21.92 54.37 32.35 77.11 1.47 44.21 43.31 48.70 53.79 80.43 76.00 83.50 63.36 25.31 32.64 35.74 24.09 42.91 10.78 39.96
44.89 28.00 98.36 79.31 19.30 46.07 63.89 39.11 56.93 86.63 41.00 39.77 91.50 12.86 37.93 28.34 99.50 25.43 11.26 91.25 97.54 85.19 39.40 95.65 22.77 33.34 40.69 20.55 73.11 39.04 35.66 62.99 60.96 62.54 44.95 96.22 28.73 55.76 87.88 0.96 54.70 35.85 15.16 86.95 1.47 63.53 98.85 41.59 93.57 60.45 9.99 81.18 39.98 19.86 38.09 40.20 14.17 7.93 13.30 10.41 25.44 2.60 54.04 21.38 51.77 53.20 49.25 10.94 74.62 85.81 37.45 10.65 70.70 27.72 2.93 42.27 91.40 11.20 31.79 16.98 44.47 0.95 20.92 85.71 51.49 71.81 28.56 83.02 46.43 76.12 48.13 44.53 8.06 10.36 32.19 2.04 23.02 60.21 24.29 60.86 47.30
69.53 88.11 10.13 67.75 25.93 37.34 37.94 34.29 0.80 78.17 78.60 63.36 20.24 66.29 90.09 94.74 36.26 25.42 13.83 99.87 0.52 69.64 58.99 42.08 83.84 25.68 89.43 67.19 6.42 7.91 21.45 12.54 74.02 49.77 37.88 93.99 51.36 29.75 78.06 30.74 95.61 61.38 24.07 42.96 71.90 13.85 98.26 53.80 41.90 50.71 80.63 17.47 92.02 18.72 99.21 30.56 22.47 81.05 49.94 54.32 56.53 63.06 73.83 21.70 9.06 41.33 59.01 11.58 92.45 20.78 75.93 95.35 71.77 75.17 74.91 74.30 81.16 10.48 81.05 17.72 19.16 62.53 62.23 1.54 21.10 20.88 8.43 26.56 16.44 68.45 61.91 72.93 96.46 59.46 53.49 60.42 79.56 53.96 30.37 24.67 98.94
82.74 99.31 23.11 98.35 90.18 80.10 30.11 19.16 4.38 64.40 98.18 63.54 7.34 43.93 4.66 54.64 34.00 20.91 90.16 17.27 14.67 32.40 54.67 5.89 37.85 10.18 85.00 58.86 91.01 8.68 64.25 30.53 88.45 70.10 64.11 57.99 61.46 88.21 50.60 10.93 1.53 77.51 57.17 88.69 5.67 32.07 89.21 21.84 67.60 35.85 40.10 82.41 72.68 54.68 62.39 6.33 36.79 49.49 82.74 84.16 70.49 24.09 32.84 32.05 89.45 2.25 60.13 15.40 15.85 56.51 90.63 53.29 62.75 55.80 21.49 56.87 73.45 81.40 34.98 35.07 3.78 78.50 23.68 91.66 82.88 85.11 56.79 57.40 3.07 67.00 3.38 48.28 32.85 16.22 65.72 43.72 71.52 23.59 39.32 25.89 84.43
32.55 84.22 8.64 40.86 33.37 85.08 74.63 12.18 64.40 1.37 71.49 38.65 96.65 58.51 94.13 50.09 15.86 51.76 39.26 35.43 31.82 55.14 56.18 7.96 6.43 58.18 66.78 59.05 83.11 70.30 77.45 95.01 48.38 76.91 75.63 79.13 26.46 55.85 11.53 89.14 83.04 37.24 49.94 14.16 29.82 0.28 47.53 52.68 94.23 30.00 43.11 60.88 79.42 78.00 21.33 78.30 71.04 22.90 63.83 43.84 42.35 90.85 86.43 61.72 95.77 20.42 39.40 17.24 93.76 78.61 91.66 92.23 42.13 84.15 65.02 48.69 78.77 31.18 75.19 76.89 6.16 30.43 7.40 15.11 86.83 92.95 33.72 44.15 28.28 71.21 45.71 51.07 29.71 10.36 69.81 99.87 74.51 37.44 50.76 50.85 86.50
15.43 1.70 94.30 77.18 95.37 36.53 29.03 41.70 85.40 48.20 85.38 95.29 61.94 78.61 43.26 21.22 49.56 18.98 63.00 58.18 82.39 51.19 35.75 85.50 8.62 0.60 86.11 2.83 83.66 45.74 60.56 96.53 29.75 80.49 34.01 30.14 52.25 5.71 45.27 45.44 76.82 64.37 27.95 62.86 63.76 26.04 19.09 21.80 41.07 85.92 2.72 8.98 74.64 57.09 17.95 70.61 82.01 39.52 49.44 58.32 37.99 36.03 45.17 67.49 71.87 20.53 92.98 22.78 52.90 17.11 66.38 82.91 0.94 97.37 24.50 50.47 6.30 55.20 65.18 94.30 21.18 37.57 10.67 67.91 22.45 95.28 73.95 84.17 49.11 62.16 37.84 79.59 50.96 25.30 92.96 74.59 57.49 79.40 58.92 80.30 93.55
40.02 29.95 8.64 20.82 83.16 31.96 25.73 70.11 50.66 56.73 21.04 0.02 95.70 7.90 14.84 59.59 90.89 55.63 36.14 82.95 52.75 2.71 34.13 50.36 90.81 18.83 24.95 62.00 17.74 82.16 11.77 57.84 47.24 29.63 35.80 73.72 60.57 27.30 61.52 2.39 64.70 19.34 36.04 74.76 47.09 12.45 90.77 39.15 5.11 48.24 96.72 9.50 58.47 63.42 65.31 34.41 0.00 33.15 69.27 23.77 88.60 90.13 95.82 44.38 33.29 80.88 99.34 67.67 35.58 50.59 64.27 26.95 64.58 80.32 19.93 14.00 44.57 85.09 26.82 20.25 59.36 76.08 74.54 97.67 62.26 25.27 23.60 87.12 92.73 17.93 6.41 0.43 37.48 55.13 75.77 35.92 94.08 43.53 77.30 37.60 21.63
56.22 8.74 39.47 97.23 38.79 20.07 81.62 90.66 69.81 77.37 76.80 62.03 59.15 11.29 8.97 23.91 45.02 17.57 0.42 75.45 1.58 51.14 61.84 20.74 73.67 57.27 89.52 1.77 12.08 84.14 64.16 13.20 28.81 1.54 20.61 58.01 46.60 69.60 39.56 20.48 31.67 31.27 88.95 57.48 8.93 33.67 56.63 23.58 85.02 79.85 1.50 14.73 89.26 93.54 71.60 40.91 36.21 65.57 11.88 98.92 44.45 45.14 27.56 56.20 80.53 61.90 8.19 43.10 80.11 83.17 93.04 78.11 16.50 97.92 77.29 17.51 83.28 50.97 92.66 34.14 8.98 46.13 38.63 69.86 88.39 52.63 49.40 22.65 99.83 77.80 4.66 59.19 21.81 7.20 69.21 77.00 70.12 57.53 77.90 21.82 80.28
5.88 21.35 37.45 32.60 7.19 74.80 8.50 59.68 46.06 7.42 4.25 51.04 33.56 82.74 69.92 90.25 14.19 40.76 35.60 22.55 90.44 28.26 44.12 22.17 65.45 26.35 71.07 34.62 7.72 66.19 22.47 55.15 32.31 48.22 74.67 55.05 69.14 97.86 91.15 66.61 61.06 65.64 59.46 53.88 94.80 84.89 19.72 1.88 61.92 44.68 20.60 39.85 65.78 93.14 88.45 50.14 2.77 60.37 57.96 31.74 96.11 76.44 11.21 24.37 68.39 2.45 73.82 97.68 95.76 59.35 28.55 28.61 4.95 6.42 53.00 1.35 5.59 34.35 84.80 50.02 88.16 56.17 93.52 99.49 31.72 66.94 29.72 74.90 94.91 14.28 19.06 0.92 32.71 93.36 99.83 62.38 84.77 6.91 51.73 42.77 34.74
94.96 95.07 15.83 69.66 83.23 41.33 18.33 66.53 48.01 19.81 47.95 1.04 67.21 76.44 28.93 79.07 48.73 13.79 42.84 72.25 45.32 89.16 51.54 67.43 70.59 75.64 45.25 91.23 0.84 31.21 75.10 43.91 7.16 87.29 21.60 65.57 68.75 12.25 20.42 29.52 24.44 32.95 84.74 89.10 24.19 35.65 16.64 15.09 5.65 17.49 3.96 91.45 67.46 50.47 46.37 78.99 77.09 87.48 68.39 46.15 93.44 8.70 22.06 77.41 66.73 64.71 81.32 94.07 51.03 45.22 14.64 63.96 50.80 19.95 0.71 78.59 75.45 78.53 61.05 90.68 6.85 46.26 2.56 67.13 12.01 29.24 30.52 84.59 57.40 61.99 81.68 75.32 50.11 38.90 73.52 74.73 93.52 87.13 84.11 11.33 91.57
78.50 0.39 28.63 94.98 61.12 4.80 78.68 50.16 16.58 56.16 1.72 99.76 53.99 28.69 94.55 72.78 4.80 3.65 15.96 38.73 2.90 69.29 55.72 88.64 36.98 21.68 79.72 41.09 73.11 69.26 17.48 73.67 7.27 39.60 29.20 56.98 83.72 68.05 51.22 3.32 21.34 54.14 85.93 69.37 87.54 67.30 42.77 93.39 71.61 21.99 57.98 36.91 24.66 41.55 66.91 38.36 82.31 68.10 73.67 12.22 97.53 59.72 83.91 67.82 49.29 59.27 32.02 1.07 91.60 10.66 1.48 65.34 45.70 56.67 45.12 94.58 1.24 69.90 78.80 64.76 70.50 59.99 48.55 52.53 69.56 44.65 7.38 55.01 44.74 50.29 27.89 91.56 69.31 44.47 25.39 84.62 25.76 51.43 13.90 82.26 10.24
42.55 81.91 0.64 99.17 56.82 44.15 72.20 51.31 86.41 56.59 86.32 11.62 10.73 95.71 85.64 52.27 23.51 24.61 36.28 58.00 54.49 64.80 62.58 7.00 90.06 28.65 66.64 50.57 25.73 65.39 82.07 1.70 87.32 25.61 66.75 87.51 2.52 32.63 65.65 34.35 74.45 86.93 13.03 79.43 11.49 24.47 52.49 26.37 77.00 54.72 47.61 86.50 12.58 17.12 35.38 11.73 69.14 68.38 83.12 11.31 57.21 50.85 1.65 89.87 48.84 20.43 47.33 7.83 8.54 34.44 17.66 66.06 7.77 33.65 44.79 54.65 69.81 34.03 65.39 83.22 18.51 50.69 45.01 25.00 16.83 0.98 34.74 36.61 42.20 9.12 84.00 77.53 40.85 63.23 30.30 76.21 69.28 95.01 88.32 16.32 27.78
21.04 28.58 4.95 92.42 31.59 58.69 85.35 0.50 62.42 86.58 80.88 68.63 10.65 41.76 96.24 28.90 96.72 58.08 90.21 61.33 56.22 72.72 51.95 21.70 56.26 33.49 39.20 16.18 30.42 38.03 49.20 11.86 13.11 73.30 43.71 18.51 63.51 67.10 57.06 99.99 99.39 82.83 31.75 32.94 5.39 99.62 11.38 14.49 16.49 10.67 72.28 78.38 71.41 94.74 27.85 71.88 60.68 3.70 64.87 4.69 27.38 66.22 43.72 79.66 87.85 23.15 43.97 15.22 15.98 35.28 54.02 56.79 9.96 6.95 21.83 33.17 98.98 60.68 4.91 85.75 9.89 57.18 53.77 2.99 53.40 0.14 86.97 50.47 44.10 87.60 71.24 1.61 10.58 6.18 22.13 89.32 23.34 36.75 44.75 32.17 24.39
24.05 69.20 69.85 61.86 40.65 87.49 39.87 39.11 36.07 55.82 96.13 57.35 60.08 67.66 8.28 9.89 54.28 53.99 58.06 11.21 1.27 51.59 88.44 90.73 74.14 0.96 4.31 67.33 63.92 54.25 70.68 25.11 32.52 82.97 70.09 18.29 42.56 9.21 91.25 23.79 22.69 48.11 13.31 81.12 95.80 91.15 95.78 21.21 45.25 6.33 50.72 43.70 58.82 97.85 82.69 30.48 49.13 72.40 47.95 31.55 30.61 38.13 90.33 74.45 8.32 34.29 28.94 39.84 4.76 39.48 25.93 16.49 6.01 60.10 45.59 72.09 36.32 11.80 43.91 85.66 99.16 54.71 1.05 5.40 4.56 88.12 0.15 22.12 34.25 73.49 22.55 66.07 41.68 49.72 92.75 1.04 27.71 92.23 77.68 94.00 43.87
42.84 73.32 22.56 13.09 64.05 49.46 25.52 75.94 40.66 68.73 87.93 76.69 42.79 74.00 27.34 46.58 31.75 10.30 99.06 55.21 76.86 9.31 41.14 30.31 32.38 67.96 55.64 62.55 40.92 75.70 12.38 97.59 69.42 18.35 2.63 61.26 37.15 63.13 74.90 28.18 34.78 90.39 77.52 77.97 24.34 59.66 57.12 90.64 39.35 13.98 52.77 70.71 80.19 88.72 6.26 61.48 19.87 41.87 67.83 49.26 6.10 99.79 78.85 33.30 56.71 74.44 20.97 27.77 24.79 78.34 29.84 40.60 27.52 88.81 8.09 48.72 29.16 41.84 30.11 37.36 69.22 33.98 4.21 26.16 77.42 61.20 68.05 22.10 10.84 80.24 35.06 8.84 9.77 56.03 0.40 97.52 97.43 73.87 43.94 41.86 70.32
12.59 67.68 77.54 50.24 19.71 32.81 6.54 56.18 5.54 94.57 81.70 29.12 86.85 58.74 24.81 7.93 39.84 50.78 42.53 10.03 39.33 33.95 7.94 62.27 66.40 60.78 79.82 32.17 18.52 71.93 73.77 57.69 27.30 31.83 96.74 94.14 61.19 96.62 79.82 55.88 20.80 31.89 24.86 81.45 19.06 36.19 52.51 81.58 45.00 69.55 72.29 57.84 63.03 18.06 49.45 9.49 94.93 31.18 87.00 25.77 4.60 50.09 97.42 64.47 38.46 44.20 21.17 2.78 36.35 42.60 53.48 75.99 44.81 66.11 35.87 32.30 11.56 43.56 6.92 70.17 61.84 49.98 38.28 25.15 20.42 77.64 6.67 13.16 90.69 42.45 66.31 96.78 83.91 59.33 50.02 12.38 60.24 90.72 99.76 27.66 3.67
50.45 49.45 5.62 71.36 84.12 76.59 79.12 33.35 69.33 42.20 38.12 44.46 62.49 66.29 43.00 82.48 5.15 24.37 20.97 8.82 60.37 62.29 97.06 40.08 57.99 42.47 90.64 72.82 28.01 53.35 75.05 49.59 17.66 26.57 20.38 65.20 19.22 72.25 65.12 99.25 92.20 55.84 61.52 61.12 92.93 74.73 2.98 84.10 28.45 61.76 15.32 93.46 59.15 78.66 83.88 9.83 7.92 71.83 52.40 80.99 93.74 65.68 76.13 93.31 68.72 53.91 42.12 4.77 44.58 69.25 15.15 54.47 7.53 84.17 31.55 97.28 17.26 12.41 21.86 91.49 97.58 6.59 87.95 63.22 84.51 44.37 6.80 60.81 51.09 34.99 74.27 56.34 67.84 69.44 80.09 10.68 59.65 61.64 77.04 9.11 35.37
79.89 0.65 96.96 59.93 45.60 6.43 71.71 34.90 7.01 70.64 84.53 75.96 72.43 74.58 99.38 5.10 45.59 62.26 85.86 73.17 37.86 77.55 86.58 24.09 6.69 72.81 8.52 5.04 7.41 55.13 38.63 35.41 46.04 97.57 67.86 92.72 40.58 49.95 25.26 68.44 67.97 46.63 61.03 78.99 74.00 88.86 69.09 18.38 43.44 51.55 30.44 83.73 3.38 15.67 31.39 25.96 58.76 1.58 37.34 86.41 53.07 67.39 65.92 5.81 36.68 90.09 53.25 54.71 78.04 77.64 95.90 44.41 78.28 36.85 57.17 21.37 31.15 84.95 91.11 27.53 45.05 58.20 16.61 78.82 80.63 21.39 13.65 61.05 50.49 37.42 50.98 11.69 46.58 26.39 40.17 39.99 98.08 72.67 6.35 51.20 43.59